[LEFT_CAM_2K]
fx=1398.38
fy=1398.11
cx=1131.13
cy=655.858
k1=-0.171068
k2=0.0255399
k3=4.90546e-11
p1=-0.000227624
p2=-2.03363e-05

[RIGHT_CAM_2K]
fx=1397.19
fy=1397.22
cx=1049.39
cy=610.459
k1=-0.17077
k2=0.0253176
k3=4.26987e-11
p1=-9.28967e-05
p2=0.000152434

[LEFT_CAM_FHD]
fx=1398.38
fy=1398.11
cx=987.13
cy=574.858
k1=-0.171068
k2=0.0255399
k3=4.90546e-11
p1=-0.000227624
p2=-2.03363e-05

[RIGHT_CAM_FHD]
fx=1397.19
fy=1397.22
cx=905.39
cy=529.459
k1=-0.17077
k2=0.0253176
k3=4.26987e-11
p1=-9.28967e-05
p2=0.000152434

[LEFT_CAM_HD]
fx=699.19
fy=699.055
cx=652.065
cy=375.929
k1=-0.171068
k2=0.0255399
k3=4.90546e-11
p1=-0.000227624
p2=-2.03363e-05

[RIGHT_CAM_HD]
fx=698.595
fy=698.61
cx=611.195
cy=353.2295
k1=-0.17077
k2=0.0253176
k3=4.26987e-11
p1=-9.28967e-05
p2=0.000152434

[LEFT_CAM_VGA]
fx=349.595
fy=349.5275
cx=341.5325
cy=195.4645
k1=-0.171068
k2=0.0255399
k3=4.90546e-11
p1=-0.000227624
p2=-2.03363e-05

[RIGHT_CAM_VGA]
fx=349.2975
fy=349.305
cx=321.0975
cy=184.11475
k1=-0.17077
k2=0.0253176
k3=4.26987e-11
p1=-9.28967e-05
p2=0.000152434

[STEREO]
Baseline=63.0899
TY=-0.0859353
TZ=-0.195677
CV_2K=0.00598169
CV_FHD=0.00598169
CV_HD=0.00598169
CV_VGA=0.00598169
RX_2K=-0.00353706
RX_FHD=-0.00353706
RX_HD=-0.00353706
RX_VGA=-0.00353706
RZ_2K=0.00280898
RZ_FHD=0.00280898
RZ_HD=0.00280898
RZ_VGA=0.00280898

